R = 
[0.825580629876116, -0.005148759906718592, 0.5642606789816018;
 -0.01134790041140998, 0.9996046591468821, 0.0257245129807836;
 -0.5641700530244477, -0.02764083362108941, 0.8251958165109194]
t = 
[-0.05197056859506244;
 -0.00057514362510247;
 -0.008726829972854913]

适用于CloudCompare的变换矩阵为：
0.825580629876 -0.00514875990672 0.564260678982 -0.0519705685951
-0.0113479004114 0.999604659147 0.0257245129808 -0.000575143625102
-0.564170053024 -0.0276408336211 0.825195816511 -0.00872682997285
0.000000000000 0.000000000000 0.000000000000 1.000000000000
